-0.0106043	
-0.0205355	
-0.0299063	
-0.0388104	
-0.0473276	
-0.0555291	
-0.0634772	
-0.0712264	
-0.0788233	
-0.0863069	
-0.0937088	
-0.101053	
-0.108356	
-0.115626	
-0.122862	
-0.130057	
-0.137191	
-0.144237	
-0.15116	
-0.157912	
-0.164437	
-0.170671	
-0.17654	
-0.181964	
-0.186854	
-0.191118	
-0.194661	
-0.197386	
-0.199197	
-0.200002	
-0.199715	
-0.19826	
-0.195569	
-0.19159	
-0.186284	
-0.179629	
-0.171619	
-0.162263	
-0.151589	
-0.139634	
-0.126449	
-0.11209	
-0.0966174	
-0.0800862	
-0.0625429	
-0.0440155	
-0.0245047	
-0.00397298	
0.0176684	
0.0405731	
0.0649762	
0.0912098	
0.11972	
0.151077	
0.185988	
0.225282	
0.269899	
0.320834	
0.37906	
0.445415	
0.520445	
0.60421	
0.696072	
0.794529	
0.897266	
