0.0250765	
0.0476103	
0.0677069	
0.0854843	
0.101076	
0.114626	
0.126281	
0.136189	
0.144494	
0.151332	
0.15683	
0.161106	
0.164263	
0.166392	
0.167571	
0.167865	
0.167326	
0.165996	
0.163904	
0.161071	
0.157511	
0.153227	
0.14822	
0.142484	
0.13601	
0.128787	
0.120802	
0.112042	
0.102495	
0.0921491	
0.0809981	
0.0690379	
0.0562703	
0.042704	
0.0283561	
0.0132537	
-0.00256373	
-0.0190428	
-0.0361133	
-0.0536862	
-0.0716504	
-0.0898702	
-0.108183	
-0.126396	
-0.144286	
-0.161595	
-0.178034	
-0.193281	
-0.206991	
-0.218794	
-0.228312	
-0.235172	
-0.239016	
-0.239531	
-0.236463	
-0.229644	
-0.219008	
-0.204612	
-0.186645	
-0.165425	
-0.141391	
-0.115088	
-0.0871333	
-0.058183	
-0.028906	
